5.3700 5.3700 5.3700 5.3700 5.3700 5.3700 5.3700 5.3700 5.3700 5.3700 5.3700 5.3700 5.3700 5.3700 5.3700 5.3700 5.3700 5.3700 5.3700 5.3700 5.3700 5.3700 14.8000 14.8000 14.8000 14.8000 14.8000 14.8000 14.8000 14.8000 14.8000 14.8000 14.8000 14.8000 14.8000 14.8000 14.8000 14.8000 14.8000 14.8000 14.8000 14.8000 14.8000 14.8000
5.3700 5.3700 5.3700 5.3700 5.3700 5.3700 5.3700 5.3700 5.3700 5.3700 5.3700 5.3700 5.3700 5.3700 5.3700 5.3700 5.3700 5.3700 5.3700 5.3700 5.3700 5.3700 14.8000 14.8000 14.8000 14.8000 14.8000 14.8000 14.8000 14.8000 14.8000 14.8000 14.8000 14.8000 14.8000 14.8000 14.8000 14.8000 14.8000 14.8000 14.8000 14.8000 14.8000 14.8000
5.3700 5.3700 5.3700 5.3700 5.3700 5.3700 5.3700 5.3700 5.3700 5.3700 5.3700 5.3700 5.3700 5.3700 5.3700 5.3700 5.3700 5.3700 5.3700 5.3700 5.3700 5.3700 14.8000 14.8000 14.8000 14.8000 14.8000 14.8000 14.8000 14.8000 14.8000 14.8000 14.8000 14.8000 14.8000 14.8000 14.8000 14.8000 14.8000 14.8000 14.8000 14.8000 14.8000 14.8000
5.3700 5.3700 5.3700 5.3700 5.3700 5.3700 5.3700 5.3700 5.3700 5.3700 5.3700 5.3700 5.3700 5.3700 5.3700 5.3700 5.3700 5.3700 5.3700 5.3700 5.3700 5.3700 14.8000 14.8000 14.8000 14.8000 14.8000 14.8000 14.8000 14.8000 14.8000 14.8000 14.8000 14.8000 14.8000 14.8000 14.8000 14.8000 14.8000 14.8000 14.8000 14.8000 14.8000 14.8000
5.3700 5.3700 5.3700 5.3700 5.3700 5.3700 5.3700 5.3700 5.3700 5.3700 5.3700 5.3700 5.3700 5.3700 5.3700 5.3700 5.3700 5.3700 5.3700 5.3700 5.3700 5.3700 14.8000 14.8000 14.8000 14.8000 14.8000 14.8000 14.8000 14.8000 14.8000 14.8000 14.8000 14.8000 14.8000 14.8000 14.8000 14.8000 14.8000 14.8000 14.8000 14.8000 14.8000 14.8000
5.3700 5.3700 5.3700 5.3700 5.3700 5.3700 5.3700 5.3700 5.3700 5.3700 5.3700 5.3700 5.3700 5.3700 5.3700 5.3700 5.3700 5.3700 5.3700 5.3700 5.3700 5.3700 14.8000 14.8000 14.8000 14.8000 14.8000 14.8000 14.8000 14.8000 14.8000 14.8000 14.8000 14.8000 14.8000 14.8000 14.8000 14.8000 14.8000 14.8000 14.8000 14.8000 14.8000 14.8000
5.3700 5.3700 5.3700 5.3700 5.3700 5.3700 5.3700 5.3700 5.3700 5.3700 5.3700 5.3700 5.3700 5.3700 5.3700 5.3700 5.3700 5.3700 5.3700 5.3700 5.3700 5.3700 14.8000 14.8000 14.8000 14.8000 14.8000 14.8000 14.8000 14.8000 14.8000 14.8000 14.8000 14.8000 14.8000 14.8000 14.8000 14.8000 14.8000 14.8000 14.8000 14.8000 14.8000 14.8000
5.3700 5.3700 5.3700 5.3700 5.3700 5.3700 5.3700 5.3700 5.3700 5.3700 5.3700 5.3700 5.3700 5.3700 5.3700 5.3700 5.3700 5.3700 5.3700 5.3700 5.3700 5.3700 14.8000 14.8000 14.8000 14.8000 14.8000 14.8000 14.8000 14.8000 14.8000 14.8000 14.8000 14.8000 14.8000 14.8000 14.8000 14.8000 14.8000 14.8000 14.8000 14.8000 14.8000 14.8000
5.3700 5.3700 5.3700 5.3700 5.3700 5.3700 5.3700 5.3700 5.3700 5.3700 5.3700 5.3700 5.3700 5.3700 5.3700 5.3700 5.3700 5.3700 5.3700 5.3700 5.3700 5.3700 14.8000 14.8000 14.8000 14.8000 14.8000 14.8000 14.8000 14.8000 14.8000 14.8000 14.8000 14.8000 14.8000 14.8000 14.8000 14.8000 14.8000 14.8000 14.8000 14.8000 14.8000 14.8000
5.3700 5.3700 5.3700 5.3700 5.3700 5.3700 5.3700 5.3700 5.3700 5.3700 5.3700 5.3700 5.3700 5.3700 5.3700 5.3700 5.3700 5.3700 5.3700 5.3700 5.3700 5.3700 14.8000 14.8000 14.8000 14.8000 14.8000 14.8000 14.8000 14.8000 14.8000 14.8000 14.8000 14.8000 14.8000 14.8000 14.8000 14.8000 14.8000 14.8000 14.8000 14.8000 14.8000 14.8000
5.3700 5.3700 5.3700 5.3700 5.3700 5.3700 5.3700 5.3700 5.3700 5.3700 5.3700 5.3700 5.3700 5.3700 5.3700 5.3700 5.3700 5.3700 5.3700 5.3700 5.3700 5.3700 14.8000 14.8000 14.8000 14.8000 14.8000 14.8000 14.8000 14.8000 14.8000 14.8000 14.8000 14.8000 14.8000 14.8000 14.8000 14.8000 14.8000 14.8000 14.8000 14.8000 14.8000 14.8000
5.3700 5.3700 5.3700 5.3700 5.3700 5.3700 5.3700 5.3700 5.3700 5.3700 5.3700 5.3700 5.3700 5.3700 5.3700 5.3700 5.3700 5.3700 5.3700 5.3700 5.3700 5.3700 14.8000 14.8000 14.8000 14.8000 14.8000 14.8000 14.8000 14.8000 14.8000 14.8000 14.8000 14.8000 14.8000 14.8000 14.8000 14.8000 14.8000 14.8000 14.8000 14.8000 14.8000 14.8000
5.3700 5.3700 5.3700 5.3700 5.3700 5.3700 5.3700 5.3700 5.3700 5.3700 5.3700 5.3700 5.3700 5.3700 5.3700 5.3700 5.3700 5.3700 5.3700 5.3700 5.3700 5.3700 14.8000 14.8000 14.8000 14.8000 14.8000 14.8000 14.8000 14.8000 14.8000 14.8000 14.8000 14.8000 14.8000 14.8000 14.8000 14.8000 14.8000 14.8000 14.8000 14.8000 14.8000 14.8000
5.3700 5.3700 5.3700 5.3700 5.3700 5.3700 5.3700 5.3700 5.3700 5.3700 5.3700 5.3700 5.3700 5.3700 5.3700 5.3700 5.3700 5.3700 5.3700 5.3700 5.3700 5.3700 14.8000 14.8000 14.8000 14.8000 14.8000 14.8000 14.8000 14.8000 14.8000 14.8000 14.8000 14.8000 14.8000 14.8000 14.8000 14.8000 14.8000 14.8000 14.8000 14.8000 14.8000 14.8000
5.3700 5.3700 5.3700 5.3700 5.3700 5.3700 5.3700 5.3700 5.3700 5.3700 5.3700 5.3700 5.3700 5.3700 5.3700 5.3700 5.3700 5.3700 5.3700 5.3700 5.3700 5.3700 14.8000 14.8000 14.8000 14.8000 14.8000 14.8000 14.8000 14.8000 14.8000 14.8000 14.8000 14.8000 14.8000 14.8000 14.8000 14.8000 14.8000 14.8000 14.8000 14.8000 14.8000 14.8000
